0.9066687226295471,4.648548603057861;
0.9275537133216858,2.1751248836517334;
0.9009942412376404,2.9636895656585693;
0.9454438090324402,4.148273944854736;
3.246110200881958,3.539194107055664;
5.0668745040893555,5.2237701416015625;
6.3409423828125,5.373054504394531;
7.380568027496338,2.944866180419922;
6.335094928741455,5.6733222007751465;
5.960371017456055,3.160916566848755;
2.553288221359253,1.7953662872314453;
2.024744987487793,1.2633897066116333;
1.6404094696044922,2.6658737659454346;
1.6014188528060913,0.9831039309501648;
1.6858943700790405,2.0191874504089355;
1.3455866575241089,1.395103931427002;
1.091814637184143,1.484936237335205;
1.0021190643310547,1.0935955047607422;
0.05871463194489479,2.508056879043579;
0.05250092223286629,2.0087273120880127;
0.04957766830921173,2.3027002811431885;
0.04743940755724907,2.376554012298584;
0.0455281026661396,2.602588176727295;
0.0440388023853302,2.51943039894104;
0.04255887493491173,0.9640781283378601;
0.04139552637934685,1.609871506690979;
0.04033992066979408,2.3467726707458496;
0.03922395408153534,2.3557345867156982;
0.0379432775080204,2.517307758331299;
0.03680167347192764,2.2667999267578125;
0.03586181625723839,2.251587390899658;
0.03510141000151634,2.5427772998809814;
0.034212321043014526,1.3348679542541504;
0.03309826925396919,2.169461965560913;
0.03213014081120491,2.1263389587402344;
0.03138521686196327,2.198200225830078;
0.030584005638957024,2.86722731590271;
0.02970251627266407,2.306421995162964;
0.02887251414358616,0.8297955393791199;
0.028299422934651375,1.3561855554580688;
0.027585117146372795,1.2421241998672485;
0.02658694237470627,1.5747705698013306;
0.025639353320002556,2.0992298126220703;
0.02500740997493267,1.6179178953170776;
0.024726763367652893,1.9270991086959839;
0.024244075641036034,0.9822406768798828;
0.023523850366473198,2.633859872817993;
0.022904276847839355,1.971603274345398;
0.022287694737315178,1.7803258895874023;
0.021675430238246918,1.5195589065551758;
0.021193906664848328,1.374405026435852;
0.020568080246448517,1.3942426443099976;
0.019958024844527245,1.8700189590454102;
0.019347326830029488,1.607261061668396;
0.01881019026041031,1.1877663135528564;
0.018334412947297096,1.805727481842041;
0.017946695908904076,1.9342375993728638;
0.017508575692772865,1.7224916219711304;
0.016850246116518974,2.708026647567749;
0.016068074852228165,1.4708648920059204;
0.01544648502022028,1.3435155153274536;
0.015108350664377213,2.453091859817505;
0.014780229888856411,2.0403850078582764;
0.01450404617935419,2.5058841705322266;
0.0140826515853405,2.0642142295837402;
0.013635479845106602,1.819703221321106;
0.013146181590855122,2.2307281494140625;
0.012667915783822536,1.4656115770339966;
0.01232337485998869,2.387763738632202;
0.011796160601079464,2.2087788581848145;
0.011262212879955769,1.9952188730239868;
0.010879377834498882,2.2928178310394287;
0.010489833541214466,2.211799383163452;
0.009968406520783901,1.50093412399292;
0.009570268914103508,1.844178557395935;
0.009276924654841423,1.971785068511963;
0.008856474421918392,1.5518544912338257;
0.008334615267813206,2.5385074615478516;
0.007812424097210169,1.4530211687088013;
0.007599030155688524,1.6010996103286743;
0.007435267325490713,2.1597936153411865;
0.007171715144068003,1.3608652353286743;
0.006875766906887293,1.5657495260238647;
0.007033620495349169,0.9705705046653748;
1.4780899286270142,2.7451202869415283;
7.091760158538818,3.7227020263671875;
7.631353855133057,3.5612385272979736;
7.6311211585998535,2.0695297718048096;
7.630911350250244,2.0618789196014404;
7.6306939125061035,2.0477449893951416;
7.63034200668335,2.2046754360198975;
7.629965305328369,2.2940852642059326;
7.629614353179932,2.1175129413604736;
7.6292877197265625,1.6843401193618774;
7.628931045532227,2.8387978076934814;
7.628566741943359,2.7753849029541016;
7.628194808959961,2.0941333770751953;
7.627821445465088,1.7310250997543335;
7.627435684204102,2.4566051959991455;
7.6270880699157715,1.2620612382888794;
