0.500005304813385,0.6863605976104736;
0.17027395963668823,1.3318320512771606;
0.29989057779312134,0.7485336065292358;
1.0008289813995361,0.7360891103744507;
0.9863864183425903,0.7387502789497375;
0.504865288734436,0.7059938311576843;
0.42377960681915283,0.7425921559333801;
0.485309362411499,0.685997724533081;
0.6664788722991943,0.6985294818878174;
0.38748785853385925,0.7141262888908386;
0.5589655637741089,0.6886782646179199;
1.0090365409851074,0.6738157272338867;
1.1920839548110962,0.7879436016082764;
0.6204662322998047,0.6650995016098022;
0.5535995960235596,0.6761915683746338;
0.549466609954834,0.7235208749771118;
0.6096452474594116,0.7335579991340637;
0.48900166153907776,0.6786653995513916;
0.6212472319602966,0.7345208525657654;
0.5000561475753784,0.6867542266845703;
0.4375143349170685,0.7001327872276306;
0.40554171800613403,0.6618108153343201;
0.3395698070526123,0.777076005935669;
0.830475926399231,0.6874297857284546;
1.1051430702209473,0.7428625822067261;
0.6265185475349426,0.6947018504142761;
0.5785351991653442,0.6885529160499573;
0.47389158606529236,0.7042474746704102;
0.48815202713012695,0.6791150569915771;
0.36617809534072876,0.6787892580032349;
0.3415936827659607,0.7570476531982422;
0.8095376491546631,0.6884459853172302;
0.8107930421829224,0.6727838516235352;
0.911729097366333,0.7168357372283936;
0.8029695153236389,0.7002255916595459;
0.6733739376068115,0.7103588581085205;
0.5636135935783386,0.7004965543746948;
0.6031068563461304,0.7207446098327637;
0.5749576091766357,0.7080010175704956;
0.8571567535400391,0.6925352811813354;
1.0068111419677734,0.6760638952255249;
1.187157154083252,0.7206746935844421;
0.9532511234283447,0.682937741279602;
0.8495582938194275,0.678157389163971;
0.6974858045578003,0.6863901615142822;
0.6290289163589478,0.7367913126945496;
0.611987829208374,0.6699137091636658;
0.6279987096786499,0.7076563239097595;
0.5517669916152954,0.7083916664123535;
1.0013715028762817,0.7138811945915222;
0.7153151035308838,0.6601241827011108;
0.6163359880447388,0.6850618720054626;
0.5046486854553223,0.7451459169387817;
0.5560232400894165,0.7165011763572693;
0.6580058932304382,0.6812317371368408;
0.43346649408340454,0.6876052021980286;
0.4387111961841583,0.6859462857246399;
0.40690484642982483,0.674339234828949;
0.39836254715919495,0.7667115330696106;
0.9029189944267273,0.65574049949646;
1.0822433233261108,0.6628178358078003;
1.098583459854126,0.7063742876052856;
0.9581211805343628,0.712348461151123;
0.864989161491394,0.703239917755127;
0.7575310468673706,0.7106926441192627;
0.7334517240524292,0.7006232738494873;
0.606392502784729,0.7215940952301025;
0.6930010318756104,0.6981905102729797;
0.834174394607544,0.6925784349441528;
0.8156554698944092,0.6802903413772583;
0.6689977645874023,0.6595454812049866;
0.6046972274780273,0.7092752456665039;
0.5420550107955933,0.729162335395813;
1.0889500379562378,0.7205381393432617;
0.7991172671318054,0.6945066452026367;
0.6433570384979248,0.7386523485183716;
0.7437888383865356,0.7040042281150818;
0.7298852205276489,0.6815201044082642;
0.6880996823310852,0.7016660571098328;
0.7067911624908447,0.6832115650177002;
0.6099475622177124,0.712957501411438;
0.5778005719184875,0.7217615246772766;
0.6595921516418457,0.6746302843093872;
0.8208850622177124,0.7034246921539307;
0.7057062387466431,0.7287642955780029;
0.7755857706069946,0.688653826713562;
0.7444068193435669,0.7044334411621094;
0.6487997770309448,0.6468747854232788;
0.6000539064407349,0.7077857255935669;
0.5684919953346252,0.702039361000061;
0.5438953638076782,0.7284411787986755;
0.6151083111763,0.6949294805526733;
0.6194072961807251,0.6837375164031982;
0.5822168588638306,0.7010631561279297;
0.5122308731079102,0.6941529512405396;
0.5531347990036011,0.6725501418113708;
0.5308331251144409,0.6913838386535645;
0.5198392271995544,0.7402079105377197;
0.5500662326812744,0.68316251039505;
0.5384613275527954,0.6911449432373047;
0.5011732578277588,0.7169206738471985;
0.5364519357681274,0.723254382610321;
0.5278481245040894,0.7074609398841858;
0.705735981464386,0.749234139919281;
0.5716900825500488,0.6964287161827087;
0.6376185417175293,0.6973930597305298;
0.5577373504638672,0.678358793258667;
0.5032486915588379,0.7308791875839233;
0.5669482350349426,0.7112926244735718;
0.6306830644607544,0.6910443305969238;
0.757564902305603,0.7487396001815796;
0.5656890869140625,0.7005938291549683;
0.5100504159927368,0.6966192722320557;
0.48322510719299316,0.702955424785614;
0.5279578566551208,0.6928349137306213;
0.4609464406967163,0.680292546749115;
0.41807079315185547,0.6874492168426514;
0.3836944103240967,0.728966236114502;
0.40951403975486755,0.7077085375785828;
0.5242742300033569,0.733705461025238;
0.4991614818572998,0.7207155823707581;
0.3707773685455322,0.7142480611801147;
0.37251362204551697,0.7440953254699707;
0.5393468141555786,0.664128839969635;
0.6444312930107117,0.6567509174346924;
0.7180689573287964,0.7854198217391968;
0.4409124255180359,0.6878312826156616;
0.41942596435546875,0.7273194789886475;
0.4461097717285156,0.6937446594238281;
0.510715663433075,0.7327307462692261;
0.522740364074707,0.6935619115829468;
0.5086318254470825,0.6782351732254028;
0.4793795347213745,0.7083206176757812;
0.48038536310195923,0.6658873558044434;
0.49692797660827637,0.7096524834632874;
0.5391743779182434,0.7170064449310303;
0.6363124847412109,0.6763591766357422;
1.0173306465148926,0.6968567371368408;
1.094230055809021,0.6969671845436096;
0.933434009552002,0.707953691482544;
0.8130629062652588,0.7250382900238037;
0.7573188543319702,0.687755823135376;
0.7788132429122925,0.7097353935241699;
0.6916534900665283,0.6978576183319092;
0.6653631329536438,0.7234864234924316;
0.701739490032196,0.6921208500862122;
0.7356581091880798,0.6975836753845215;
0.8510642051696777,0.7489246129989624;
0.7874767184257507,0.722375750541687;
0.7033108472824097,0.7088959813117981;
0.6948649883270264,0.6923645734786987;
0.656083881855011,0.6857372522354126;
0.6277810335159302,0.7057176828384399;
0.663658618927002,0.7164535522460938;
0.7120336294174194,0.7026721239089966;
0.8355104923248291,0.7121965885162354;
0.711035966873169,0.7233060598373413;
0.71071457862854,0.6921806335449219;
0.6977582573890686,0.6761240363121033;
0.6536508798599243,0.7152642607688904;
0.698054313659668,0.7096809148788452;
0.7352636456489563,0.712400496006012;
0.8135796785354614,0.732749342918396;
0.9534016847610474,0.6994620561599731;
0.9847787022590637,0.6638910174369812;
0.7379841804504395,0.7690491676330566;
0.7479655742645264,0.6883732080459595;
0.7799297571182251,0.7106866836547852;
0.9543513059616089,0.6949526071548462;
0.8541971445083618,0.6846979856491089;
0.7635699510574341,0.6764748096466064;
0.7101428508758545,0.830927848815918;
0.818953812122345,0.7523212432861328;
1.0398391485214233,0.7121358513832092;
0.9195947647094727,0.6851682662963867;
0.7475225925445557,0.6717376708984375;
0.7044914364814758,0.7482680082321167;
0.711228609085083,0.7319085597991943;
0.7989435195922852,0.716004490852356;
0.8198739290237427,0.692484438419342;
0.7115124464035034,0.7094383835792542;
0.680641770362854,0.6849075555801392;
0.6590670943260193,0.7248896956443787;
0.6634319424629211,0.6976301670074463;
0.6660199761390686,0.6782995462417603;
0.658584475517273,0.7013213634490967;
0.6618947386741638,0.6920833587646484;
0.6533150672912598,0.7453194856643677;
0.7121338844299316,0.7012875080108643;
0.7714723348617554,0.6897484660148621;
0.8053470253944397,0.6908606886863708;
0.7331291437149048,0.7043861150741577;
0.6927235126495361,0.7449676990509033;
0.705391526222229,0.7018639445304871;
0.7122560739517212,0.6932905912399292;
0.669927716255188,0.6934758424758911;
0.6500707864761353,0.6925443410873413;
0.6391657590866089,0.6623177528381348;
0.6128637790679932,0.7075324058532715;
0.5908464193344116,0.7235514521598816;
0.6266430616378784,0.7105129361152649;
0.6464525461196899,0.6916479468345642;
0.6587872505187988,0.7062423229217529;
0.667316198348999,0.6912188529968262;
0.6510289907455444,0.6986449360847473;
0.6832532286643982,0.68706214427948;
0.6585323214530945,0.6935019493103027;
0.6553713083267212,0.6664153337478638;
0.653303325176239,0.6975889205932617;
0.6435126662254333,0.7028388381004333;
0.6640915870666504,0.6799297332763672;
0.6768209934234619,0.7047570943832397;
0.6704134941101074,0.6856985092163086;
0.6735355854034424,0.6855151653289795;
0.6600760221481323,0.709544837474823;
0.6648450493812561,0.6965533494949341;
0.6538640260696411,0.6949754357337952;
0.6682212948799133,0.6935539245605469;
0.6356881856918335,0.6780956387519836;
0.6262924671173096,0.7106592655181885;
0.6192376613616943,0.7084906697273254;
0.6235299110412598,0.6849013566970825;
0.6170791983604431,0.6966612339019775;
0.6160994172096252,0.6852958798408508;
0.6258872747421265,0.6903543472290039;
0.6493195295333862,0.706203043460846;
0.675729513168335,0.6794953346252441;
0.7151156067848206,0.7144578099250793;
0.6725277900695801,0.6968474388122559;
0.6437476277351379,0.673332691192627;
0.6349769830703735,0.696986973285675;
0.6309159994125366,0.6775258779525757;
0.6592473387718201,0.7054300904273987;
0.6720032691955566,0.7271392941474915;
0.6285685300827026,0.7020495533943176;
0.6349399089813232,0.6944390535354614;
0.6150714755058289,0.6944911479949951;
0.600378692150116,0.7013030648231506;
0.5785117149353027,0.7019468545913696;
0.5669372081756592,0.6999565958976746;
0.5673550367355347,0.7004066705703735;
0.6146475076675415,0.6824560165405273;
0.7246429920196533,0.7037687301635742;
0.6969744563102722,0.6826978921890259;
0.6594563126564026,0.6980810165405273;
0.6187039613723755,0.7032116651535034;
0.6114533543586731,0.6873495578765869;
0.5996485352516174,0.7044068574905396;
0.5785295963287354,0.6879913806915283;
0.5594131350517273,0.7078601121902466;
0.5600490570068359,0.7027032375335693;
0.5992252826690674,0.6858397126197815;
0.6190972328186035,0.7109719514846802;
0.5895264148712158,0.6974009871482849;
0.5520960092544556,0.6954323053359985;
0.5387997031211853,0.6921850442886353;
0.563789427280426,0.6938603520393372;
0.6233518719673157,0.6503649950027466;
0.763297438621521,0.6987919211387634;
0.7091618776321411,0.7015787959098816;
0.6288926601409912,0.6927242875099182;
0.6104282736778259,0.691417932510376;
0.5888183116912842,0.7143884897232056;
0.5898078680038452,0.6734923124313354;
0.599970817565918,0.695634126663208;
0.6165772676467896,0.7263843417167664;
0.5995441675186157,0.7115664482116699;
0.6002099514007568,0.6864712834358215;
0.6396394968032837,0.7248632907867432;
0.5921927690505981,0.6972339749336243;
0.5565317273139954,0.7018159627914429;
0.5547687411308289,0.6752037405967712;
0.5359454154968262,0.7371301054954529;
0.5547482967376709,0.7026613354682922;
0.5921847820281982,0.7015063762664795;
0.5618904829025269,0.7125506401062012;
0.5729584693908691,0.68857741355896;
0.5820878744125366,0.7005674242973328;
0.6234399080276489,0.7167039513587952;
0.5819301605224609,0.6805598139762878;
0.5779218673706055,0.6928805708885193;
0.5887534618377686,0.6750730872154236;
0.628791093826294,0.7002472281455994;
0.6411430239677429,0.6698502898216248;
0.6776524782180786,0.7229440212249756;
0.615149974822998,0.6994476318359375;
0.6076247692108154,0.6707055568695068;
0.5966994166374207,0.692095935344696;
0.5825237035751343,0.6775346398353577;
0.5611981153488159,0.7042803764343262;
0.5642806887626648,0.7170121669769287;
0.5136579871177673,0.7294267416000366;
0.48632121086120605,0.6579905152320862;
0.4534524083137512,0.7379360198974609;
0.44526755809783936,0.685661256313324;
0.4730024039745331,0.6857808828353882;
0.4600619673728943,0.7703738212585449;
0.44086432456970215,0.7122761011123657;
0.4681510925292969,0.7079448699951172;
0.4845742881298065,0.7067309021949768;
0.5109890699386597,0.703989565372467;
0.515196681022644,0.6904961466789246;
0.5239607691764832,0.7078355550765991;
0.5178667306900024,0.6626316905021667;
0.49755510687828064,0.7112840414047241;
0.5226660966873169,0.7080370187759399;
0.5425046682357788,0.6929337978363037;
0.48211389780044556,0.684644341468811;
0.4678916335105896,0.6910319328308105;
0.4794358015060425,0.6862093806266785;
0.4594581723213196,0.6717545986175537;
0.42462068796157837,0.7028384208679199;
0.43786734342575073,0.7270127534866333;
0.563672661781311,0.6766880750656128;
0.7168768644332886,0.7627178430557251;
0.5008882284164429,0.7182192802429199;
0.48531949520111084,0.6255122423171997;
0.4700358510017395,0.6996444463729858;
0.44020649790763855,0.7205711007118225;
0.45340099930763245,0.7288985252380371;
0.482888787984848,0.6896768808364868;
0.5086410045623779,0.6994230151176453;
0.49641579389572144,0.6817600727081299;
0.44696134328842163,0.739732027053833;
0.4919567108154297,0.7167258262634277;
0.4069899320602417,0.7365989685058594;
0.41971278190612793,0.7353616952896118;
0.4658094048500061,0.7146716117858887;
0.4746227562427521,0.724906325340271;
0.556751012802124,0.7223904728889465;
0.4564458727836609,0.7088119983673096;
0.5202839374542236,0.6924140453338623;
0.6373261213302612,0.7030266523361206;
0.6061723232269287,0.7228811383247375;
0.6417182087898254,0.6780978441238403;
0.77442866563797,0.6927359104156494;
0.7537801265716553,0.7135484218597412;
0.6469740867614746,0.7120650410652161;
0.6457620859146118,0.7149513959884644;
0.7153491377830505,0.6994233131408691;
0.728050947189331,0.7233082056045532;
0.625684380531311,0.7476466298103333;
0.6096926331520081,0.7129077911376953;
0.6249322891235352,0.7026680707931519;
0.5902749300003052,0.6923151016235352;
0.5832422375679016,0.6687339544296265;
0.5489213466644287,0.7405261993408203;
0.53900146484375,0.691613495349884;
0.5434069037437439,0.7098309993743896;
0.5946497917175293,0.705558717250824;
0.7252437472343445,0.7157351970672607;
0.7002193927764893,0.7135335206985474;
0.6320545673370361,0.7153491973876953;
0.6233569383621216,0.7270486950874329;
0.6680102348327637,0.6887953281402588;
0.7588320970535278,0.7084478735923767;
0.7239787578582764,0.7109997272491455;
0.6659057140350342,0.7180920839309692;
0.6712580919265747,0.6847645044326782;
0.6793428659439087,0.7180047035217285;
0.7189467549324036,0.7087775468826294;
0.7232669591903687,0.6826200485229492;
0.6880595684051514,0.6755391359329224;
0.6794329881668091,0.7084819674491882;
0.6828058958053589,0.7289837002754211;
0.719120979309082,0.6889557838439941;
0.6939984560012817,0.721282422542572;
0.7669501900672913,0.6761294603347778;
0.8164823055267334,0.6845383644104004;
0.7476528882980347,0.7527080178260803;
0.7883084416389465,0.7028084993362427;
0.807636022567749,0.6991591453552246;
0.805567741394043,0.7128514051437378;
0.8230832815170288,0.7173583507537842;
0.9452096819877625,0.7178272604942322;
1.1481237411499023,0.6814239025115967;
0.9625221490859985,0.6879145503044128;
0.8523286581039429,0.7017104029655457;
0.833069920539856,0.8275305032730103;
0.9633893966674805,0.6966004967689514;
0.9282552003860474,0.7204859256744385;
0.8933814764022827,0.7982606887817383;
1.0606142282485962,0.6666898727416992;
0.8901963829994202,0.7190711498260498;
0.8275991678237915,0.7306677103042603;
0.81290602684021,0.7335371971130371;
0.8354892730712891,0.674131453037262;
0.8080971240997314,0.6924305558204651;
0.7861127853393555,0.7226179242134094;
0.7905211448669434,0.7685099840164185;
0.859341561794281,0.7153822183609009;
0.9097461104393005,0.6728112697601318;
0.7792156934738159,0.8552746772766113;
0.845268189907074,0.7171545028686523;
0.8729997277259827,0.6969159841537476;
0.8253620862960815,0.7239576578140259;
0.8230587244033813,0.7526483535766602;
0.8602739572525024,0.6952311396598816;
0.8269973397254944,0.6843017935752869;
0.7553834319114685,0.7715232372283936;
0.76725834608078,0.7214088439941406;
0.783845067024231,0.6905390024185181;
0.7606316208839417,0.6574773192405701;
0.7112456560134888,0.8411673903465271;
0.7597689032554626,0.7057597637176514;
0.7814072370529175,0.6896510720252991;
0.7762503623962402,0.7068871855735779;
0.7690526247024536,0.7066484093666077;
0.7612282037734985,0.6811195611953735;
0.7381676435470581,0.7107952833175659;
0.7377861738204956,0.7071167230606079;
0.7390168905258179,0.7377495765686035;
0.7688280940055847,0.6953787803649902;
0.7464725971221924,0.6798021197319031;
0.7071871757507324,0.7519371509552002;
0.716926097869873,0.7193235754966736;
0.7310867309570312,0.6961118578910828;
0.7214643359184265,0.7221538424491882;
0.7387324571609497,0.7019056081771851;
0.7367026209831238,0.7054392099380493;
0.7340055704116821,0.6776998043060303;
0.699733555316925,0.7266210913658142;
0.7021644711494446,0.6774792075157166;
0.6923876404762268,0.7054476141929626;
0.6918516159057617,0.6903742551803589;
0.6898466348648071,0.6666514873504639;
0.680127739906311,0.7185978889465332;
0.683650016784668,0.744216799736023;
0.7170578837394714,0.6925807595252991;
0.7274649143218994,0.6900333166122437;
0.7320234775543213,0.6920560598373413;
0.7161053419113159,0.689441442489624;
0.6899397969245911,0.714302122592926;
0.6898062229156494,0.7080235481262207;
0.6962197422981262,0.7017488479614258;
0.711493968963623,0.6961392760276794;
0.7001718282699585,0.6902890801429749;
0.688251256942749,0.6978502869606018;
0.6856704950332642,0.6880624890327454;
0.6847388744354248,0.6977497339248657;
0.6852617859840393,0.6971343755722046;
0.6873597502708435,0.6851319074630737;
0.6827454566955566,0.6945285201072693;
0.6819002628326416,0.6971862316131592;
0.6833658814430237,0.6675179600715637;
0.6814174652099609,0.721378743648529;
0.680829644203186,0.6979568004608154;
0.6859045028686523,0.6963157653808594;
0.7021503448486328,0.6962823867797852;
0.6954672932624817,0.6981533765792847;
0.6942883729934692,0.689745306968689;
0.6912915706634521,0.6866177320480347;
0.6897785663604736,0.7026841640472412;
0.6921085119247437,0.6881406903266907;
0.7189836502075195,0.6921711564064026;
0.7298442721366882,0.6724931001663208;
0.7277345657348633,0.6846312284469604;
0.7171436548233032,0.7005547881126404;
0.701993465423584,0.6908406615257263;
0.6999309659004211,0.7007306814193726;
0.6975106000900269,0.691274881362915;
0.7007873058319092,0.6859830617904663;
0.7037914395332336,0.7018977403640747;
0.6950346231460571,0.6938037872314453;
0.6911214590072632,0.6945959329605103;
0.6874676942825317,0.694736897945404;
0.6856021881103516,0.6933947801589966;
0.6858863234519958,0.6931779980659485;
0.6935178637504578,0.7107574939727783;
0.6831803321838379,0.6915407180786133;
0.6782171726226807,0.693737268447876;
0.674585223197937,0.6919121742248535;
0.6699909567832947,0.7056141495704651;
0.6758279800415039,0.6923385858535767;
0.6733501553535461,0.696352481842041;
0.6613253355026245,0.7028034925460815;
0.6548947095870972,0.6857619285583496;
0.6416680812835693,0.6935161352157593;
0.6342824697494507,0.7081119418144226;
0.6545863151550293,0.7022604942321777;
0.6632327437400818,0.6946936249732971;
0.6508728265762329,0.6829689145088196;
0.6654564142227173,0.6640639305114746;
0.7063977122306824,0.6900570392608643;
0.719825804233551,0.7280058860778809;
0.6889402866363525,0.700357973575592;
0.6834723949432373,0.6861868500709534;
0.6787567138671875,0.6947969794273376;
0.6857643127441406,0.6856101751327515;
0.6980519890785217,0.6929004192352295;
0.7189472913742065,0.6840329170227051;
0.7235140204429626,0.6620361804962158;
0.74097740650177,0.7468842267990112;
0.698870062828064,0.6876465082168579;
0.6893328428268433,0.6973798274993896;
0.6811773777008057,0.702859103679657;
0.6743501424789429,0.700653612613678;
0.6744474768638611,0.6901381015777588;
0.6775968074798584,0.6931408643722534;
0.6806972622871399,0.6836234927177429;
0.686893880367279,0.6934694051742554;
0.6845231056213379,0.6965731382369995;
0.6779893636703491,0.695541262626648;
0.6734824180603027,0.6859246492385864;
0.6703611612319946,0.691240668296814;
0.6635644435882568,0.6892719864845276;
0.6566581130027771,0.7045890092849731;
0.661646842956543,0.6963885426521301;
0.6733207702636719,0.7025303840637207;
0.6751973032951355,0.6900851130485535;
0.6674112677574158,0.6768032908439636;
0.67622971534729,0.6566596031188965;
0.7226188778877258,0.6912399530410767;
0.7344871759414673,0.665636420249939;
0.7394622564315796,0.7549412846565247;
0.6902034282684326,0.6979890465736389;
0.6851414442062378,0.6884747743606567;
0.6815429925918579,0.6999998092651367;
0.6750533580780029,0.6865323781967163;
0.6721357107162476,0.6932092905044556;
0.6712772846221924,0.689548909664154;
0.6711705923080444,0.7027918100357056;
0.6646727323532104,0.6935768127441406;
0.6628698706626892,0.6876993179321289;
0.6643134355545044,0.7032850980758667;
0.6566454172134399,0.6996002197265625;
0.6518875360488892,0.688735842704773;
0.6461289525032043,0.6952187418937683;
0.6429524421691895,0.6935609579086304;
0.6365317106246948,0.6900458335876465;
0.6313608884811401,0.6856008768081665;
0.6232506036758423,0.6974931955337524;
0.6228533983230591,0.6976686716079712;
0.6198678612709045,0.6963251829147339;
0.6032941341400146,0.6923702955245972;
0.5948940515518188,0.6938033103942871;
0.5838145613670349,0.7056698799133301;
0.5869029760360718,0.7038117051124573;
0.5965411067008972,0.6904509663581848;
0.615492582321167,0.7034515142440796;
0.5940319895744324,0.7070372104644775;
0.5529175996780396,0.6861804723739624;
0.5373997092247009,0.7157515287399292;
0.5287387371063232,0.6912438869476318;
0.5311388969421387,0.7102994918823242;
0.5650479197502136,0.6903330087661743;
0.5653908848762512,0.6976000070571899;
0.5344202518463135,0.705141544342041;
0.5503919124603271,0.6927556991577148;
0.5427271127700806,0.7041562795639038;
0.5463077425956726,0.6854206323623657;
0.5307983160018921,0.7003006935119629;
0.5536789894104004,0.7089303731918335;
0.5848082304000854,0.6922289729118347;
0.6293504238128662,0.6990242004394531;
0.6287938356399536,0.7183994650840759;
0.5916492342948914,0.7034797072410583;
0.6014546155929565,0.6888139247894287;
0.5751890540122986,0.7080517411231995;
0.5779351592063904,0.7162323594093323;
0.6010743379592896,0.7016971707344055;
0.6172996759414673,0.7066377997398376;
0.5799685716629028,0.6934066414833069;
0.6410650014877319,0.6651565432548523;
0.7661956548690796,0.6914404630661011;
0.7309569120407104,0.7193081378936768;
0.6572800874710083,0.698330283164978;
0.648022472858429,0.6956454515457153;
0.6503129601478577,0.7008478045463562;
0.5977423191070557,0.7289034128189087;
0.6045214533805847,0.6828728914260864;
0.6567560434341431,0.7122637629508972;
0.6339801549911499,0.7061483263969421;
0.6088078022003174,0.6916637420654297;
0.5994833707809448,0.6968458890914917;
0.5971994400024414,0.700724720954895;
0.5980184078216553,0.6936399936676025;
0.6003445386886597,0.6969597339630127;
0.6065979599952698,0.6917195916175842;
0.6018396615982056,0.7071256637573242;
0.5672534704208374,0.6842546463012695;
0.5418292284011841,0.6962844133377075;
0.5273033380508423,0.7053869366645813;
0.535265326499939,0.6808873414993286;
0.5332265496253967,0.7041271924972534;
0.5993683338165283,0.7266479730606079;
0.570660412311554,0.6792236566543579;
0.5491366386413574,0.6975036859512329;
0.5449163913726807,0.7123056054115295;
0.5526607036590576,0.6910956501960754;
0.5789836645126343,0.7161562442779541;
0.5615664720535278,0.6964676976203918;
0.5384111404418945,0.7025202512741089;
0.554000735282898,0.6997839212417603;
0.5874193906784058,0.6977956295013428;
0.5859133005142212,0.6948729753494263;
0.5618840456008911,0.7053388357162476;
0.5301558971405029,0.72417151927948;
0.5672873258590698,0.6885807514190674;
0.6081340312957764,0.7139915227890015;
0.553547739982605,0.7041531801223755;
0.564791738986969,0.7109547853469849;
0.582675576210022,0.7065825462341309;
0.550142228603363,0.6938107013702393;
0.5572709441184998,0.6871548891067505;
0.512424886226654,0.7354106903076172;
0.5176267623901367,0.6908008456230164;
0.5291461944580078,0.7024580240249634;
0.6133683323860168,0.7196266651153564;
0.5961701273918152,0.7107383012771606;
0.5533829927444458,0.6832331418991089;
0.5640864372253418,0.7303341627120972;
0.6126768589019775,0.6876906156539917;
0.5686944723129272,0.6839799880981445;
0.5716069936752319,0.6947860717773438;
0.5825258493423462,0.6931111812591553;
0.6412208080291748,0.7281550168991089;
0.5920974612236023,0.7027496099472046;
0.6018482446670532,0.6948306560516357;
0.5834399461746216,0.7100389003753662;
0.5793590545654297,0.6990521550178528;
0.6722846031188965,0.6891531944274902;
0.7103107571601868,0.6711455583572388;
0.741642951965332,0.6540024280548096;
0.8522845506668091,0.7276153564453125;
0.7480907440185547,0.6889240741729736;
0.7432777881622314,0.6855624914169312;
0.7454574108123779,0.7159239053726196;
0.8280228972434998,0.7095455527305603;
0.7919361591339111,0.6897591352462769;
0.7934650182723999,0.7049281597137451;
0.7596936821937561,0.695589005947113;
0.7498804926872253,0.7151504755020142;
0.7996602058410645,0.7043910026550293;
0.7661422491073608,0.7142224311828613;
0.7566877007484436,0.6808724999427795;
0.7511430978775024,0.6870579719543457;
0.743106484413147,0.6944634318351746;
0.7477775812149048,0.719987690448761;
0.7758896350860596,0.7014324069023132;
0.7658130526542664,0.6956219673156738;
0.7676344513893127,0.7108107209205627;
0.8202253580093384,0.6774963140487671;
0.8894295692443848,0.710665225982666;
0.7944915294647217,0.7089450359344482;
0.7749680280685425,0.7559940218925476;
0.8196346759796143,0.706405758857727;
0.914924144744873,0.6785804033279419;
1.0486171245574951,0.69565749168396;
0.8977589011192322,0.7492642402648926;
0.9013553857803345,0.6988187432289124;
0.8543081283569336,0.6566758155822754;
0.7803272008895874,0.8049399852752686;
0.8224596381187439,0.7126709222793579;
0.8615143299102783,0.7174636721611023;
0.8816211223602295,0.6813648343086243;
0.8129846453666687,0.7389076948165894;
0.8102924823760986,0.6748035550117493;
0.7844638228416443,0.8035792708396912;
0.8585268259048462,0.7490068078041077;
0.9897647500038147,0.6799792647361755;
0.8371973037719727,0.7328361868858337;
0.7820140719413757,0.8041000962257385;
0.8170527815818787,0.7357667684555054;
0.8601174354553223,0.6971498131752014;
0.8679832220077515,0.6939019560813904;
0.8201447129249573,0.6606540679931641;
0.7140482068061829,0.8293589353561401;
0.7506331205368042,0.7172616720199585;
0.7688168287277222,0.7395323514938354;
0.8195992708206177,0.6949062943458557;
0.779041051864624,0.728585958480835;
0.755071759223938,0.7169972658157349;
0.7354405522346497,0.7251947522163391;
0.7356337308883667,0.7098640203475952;
0.7322595119476318,0.6691169738769531;
0.6914799213409424,0.7746972441673279;
0.7121378183364868,0.6661040782928467;
0.6939270496368408,0.6784095764160156;
0.6741917133331299,0.7483947277069092;
0.6871674060821533,0.6779507398605347;
0.6826511025428772,0.7318229675292969;
0.6969853639602661,0.7133747339248657;
0.7133500576019287,0.7071617841720581;
0.7239699363708496,0.7084624767303467;
0.7387831211090088,0.6829510927200317;
0.6891182661056519,0.7167496681213379;
0.6798017024993896,0.7605259418487549;
0.701229989528656,0.7023240327835083;
0.7146326899528503,0.6969286203384399;
0.7253438234329224,0.6937058568000793;
0.7074211239814758,0.6964130401611328;
0.6972212791442871,0.7030148506164551;
0.6951817274093628,0.6813857555389404;
0.6843523979187012,0.694199800491333;
0.6802024841308594,0.7181281447410583;
0.6834449172019958,0.6981031894683838;
0.6873996257781982,0.7037860155105591;
0.6998603343963623,0.6951615810394287;
0.6874538064002991,0.69828200340271;
0.6836707592010498,0.6948525905609131;
0.6821001768112183,0.6906012296676636;
0.6808117628097534,0.7011724710464478;
0.6824774742126465,0.6898896098136902;
0.6813062429428101,0.6856187582015991;
0.6766350865364075,0.7273232340812683;
0.6867645978927612,0.6924737691879272;
0.690233588218689,0.6902487277984619;
0.7034994959831238,0.6835439205169678;
0.7074393033981323,0.6897198557853699;
0.7025300860404968,0.6813977956771851;
0.7058953642845154,0.683016300201416;
0.7074909210205078,0.7240557670593262;
0.6910858154296875,0.6911479830741882;
0.6915616989135742,0.6908591985702515;
0.6892151832580566,0.6851417422294617;
0.6847078800201416,0.6993266344070435;
0.6808891296386719,0.6859184503555298;
0.6765345335006714,0.6915677785873413;
0.6725764274597168,0.6831417083740234;
0.6679142713546753,0.6963227987289429;
0.6647913455963135,0.695497989654541;
0.6658351421356201,0.6801931262016296;
0.657412052154541,0.7020400762557983;
0.6581521034240723,0.6935726404190063;
0.6612391471862793,0.6898154616355896;
0.6547824144363403,0.7152923345565796;
0.6763224601745605,0.6908267736434937;
0.7005623579025269,0.7151997089385986;
0.6800392866134644,0.6921713352203369;
0.6734024882316589,0.7053459882736206;
0.6747474670410156,0.6918654441833496;
0.6768423318862915,0.694243848323822;
0.6844145059585571,0.6983543634414673;
0.6778032183647156,0.6926339864730835;
0.6834723949432373,0.6929991245269775;
0.6801637411117554,0.6943154335021973;
0.6740143895149231,0.68327796459198;
0.6645224094390869,0.7001012563705444;
0.6639190316200256,0.7031797170639038;
0.674225926399231,0.6961004734039307;
0.6743724346160889,0.6985134482383728;
0.6696815490722656,0.6940531730651855;
0.6567726135253906,0.7182247042655945;
0.6638004779815674,0.6939730048179626;
0.6731129884719849,0.6967499256134033;
0.6612064838409424,0.6867913603782654;
0.6534191370010376,0.6906299591064453;
0.6540099382400513,0.6991809606552124;
0.6605514883995056,0.7037695646286011;
0.6774927973747253,0.6936050653457642;
0.6725118160247803,0.6851065158843994;
0.6707077026367188,0.6938728094100952;
0.6807919144630432,0.6935522556304932;
0.6764370203018188,0.6922455430030823;
0.6839662790298462,0.7187969088554382;
0.6738911271095276,0.6811103820800781;
0.6683816909790039,0.6946643590927124;
0.6626229882240295,0.6860272884368896;
0.6524063348770142,0.703914999961853;
0.6540700197219849,0.7074063420295715;
0.6889406442642212,0.6914829015731812;
0.7117658257484436,0.7227927446365356;
0.6860799789428711,0.6960402727127075;
0.669975221157074,0.702786922454834;
0.6727837920188904,0.6823211312294006;
0.6634035110473633,0.685864269733429;
0.6505178809165955,0.6911440491676331;
0.6387453079223633,0.6738194227218628;
0.613997220993042,0.7228952646255493;
0.6110936403274536,0.6805095076560974;
0.6046143174171448,0.6708916425704956;
0.5866284370422363,0.7230879068374634;
0.6059342622756958,0.6837903261184692;
0.6108675003051758,0.6924973726272583;
0.6517343521118164,0.6868641972541809;
0.6424731612205505,0.723806619644165;
0.6265839338302612,0.6994170546531677;
0.647973895072937,0.6864733695983887;
0.6464389562606812,0.7087617516517639;
0.6506516933441162,0.6978017687797546;
0.6877381801605225,0.6990793943405151;
0.7131149768829346,0.72565758228302;
0.6603571176528931,0.7007362246513367;
0.6458801031112671,0.7065588235855103;
0.6599599123001099,0.7010816335678101;
0.6644980311393738,0.6974136233329773;
0.6400200128555298,0.6806821823120117;
0.6093042492866516,0.6820443868637085;
0.5918009877204895,0.7202855348587036;
0.5949196219444275,0.6988363862037659;
0.6148290634155273,0.6904463171958923;
0.6373093128204346,0.6903020739555359;
0.6727372407913208,0.6855233311653137;
0.6564415693283081,0.712692379951477;
0.644890308380127,0.6910277009010315;
0.6399297714233398,0.6893045902252197;
0.6434457898139954,0.7018623352050781;
0.6630706787109375,0.7007424831390381;
0.6871057748794556,0.678478479385376;
0.7330490946769714,0.6947540640830994;
0.720433235168457,0.6901763677597046;
0.7006024122238159,0.6924124956130981;
0.6917345523834229,0.6936222314834595;
0.6681489944458008,0.6980212330818176;
0.6500459909439087,0.6994598507881165;
0.6393782496452332,0.6837080717086792;
0.6371480226516724,0.6868079900741577;
0.6192607879638672,0.7109147310256958;
0.6286054253578186,0.7033201456069946;
0.6242011785507202,0.6880782842636108;
0.6571825742721558,0.7112821936607361;
0.6167886257171631,0.7215697169303894;
0.6433596014976501,0.6875130534172058;
0.6827678680419922,0.6810187101364136;
0.7312861680984497,0.719139575958252;
0.6942729949951172,0.6915072202682495;
0.7022660374641418,0.7077723741531372;
0.6759765148162842,0.7059856057167053;
0.6886401176452637,0.6865921020507812;
0.6943331956863403,0.7092670798301697;
0.6622947454452515,0.6935693025588989;
0.6379728317260742,0.6947731971740723;
0.6225314140319824,0.6949635744094849;
0.617184579372406,0.7009440660476685;
0.6228705048561096,0.6896846294403076;
0.6466816663742065,0.6941598653793335;
0.6520194411277771,0.6982992887496948;
0.6442235708236694,0.6876623630523682;
0.6394162178039551,0.6918423175811768;
0.6400010585784912,0.7057671546936035;
0.636326014995575,0.69862300157547;
0.6287451982498169,0.6989748477935791;
0.640605092048645,0.6986091136932373;
0.6533379554748535,0.6941033601760864;
0.6466097831726074,0.6903119087219238;
0.6586235761642456,0.6862905025482178;
0.6352659463882446,0.6929711103439331;
0.630388081073761,0.7199826836585999;
0.6281280517578125,0.6951543092727661;
0.6697385907173157,0.6754377484321594;
0.7115024924278259,0.7329345941543579;
0.6516599655151367,0.6950544714927673;
0.6320047974586487,0.7096824645996094;
0.6241952180862427,0.7003977298736572;
0.6281129121780396,0.6972318887710571;
0.6353826522827148,0.6956784725189209;
0.689072847366333,0.7390317916870117;
0.6387342214584351,0.6886938214302063;
0.6232690215110779,0.6965862512588501;
0.6124697923660278,0.7097569704055786;
0.611142635345459,0.6952942609786987;
0.6150631904602051,0.6990097761154175;
0.6085956692695618,0.6925361156463623;
0.6110649108886719,0.6887648701667786;
0.6049548387527466,0.6865729093551636;
0.5906531810760498,0.6878425478935242;
0.5860058665275574,0.7278542518615723;
0.61086106300354,0.6979952454566956;
0.5974503755569458,0.6963070631027222;
0.5967060327529907,0.6962246894836426;
0.6085375547409058,0.68834388256073;
0.596796989440918,0.7019994258880615;
0.6031675338745117,0.7008305788040161;
0.5729374885559082,0.682264506816864;
0.5521141290664673,0.7159972786903381;
0.5537733435630798,0.68034428358078;
0.5430183410644531,0.7037870287895203;
0.5670286417007446,0.6928954124450684;
0.5839582681655884,0.697732150554657;
0.5406020879745483,0.6903238296508789;
0.5304744243621826,0.7730087041854858;
0.5833654403686523,0.6901775598526001;
0.6321970224380493,0.6920360922813416;
0.6341855525970459,0.7192957401275635;
0.5781086087226868,0.6907281875610352;
0.5705599784851074,0.7104367613792419;
0.5921586155891418,0.7020490169525146;
0.588015079498291,0.7074544429779053;
0.646239161491394,0.7066767811775208;
0.6446762084960938,0.6840812563896179;
0.7227869033813477,0.7004507780075073;
0.7299150824546814,0.6822104454040527;
0.7874013185501099,0.7089619636535645;
0.733691394329071,0.690302848815918;
0.7195737957954407,0.6636700630187988;
0.6934545040130615,0.6727880239486694;
0.6677719354629517,0.7594615817070007;
0.6814819574356079,0.6909292340278625;
0.6961193084716797,0.6872133612632751;
0.6760187149047852,0.698294997215271;
0.6724696159362793,0.7017017602920532;
0.6876003742218018,0.6996488571166992;
0.7026114463806152,0.6962840557098389;
0.7077932357788086,0.6784965991973877;
0.6821642518043518,0.7051435708999634;
0.6845717430114746,0.7123075127601624;
0.7064855694770813,0.7032507658004761;
0.8039951324462891,0.7184158563613892;
0.7420789003372192,0.6806985139846802;
0.7047686576843262,0.7038583159446716;
0.7023795247077942,0.7149567604064941;
0.7096342444419861,0.7031797766685486;
0.7413308620452881,0.6851862668991089;
0.7491453886032104,0.6989803314208984;
0.7532795071601868,0.6898559331893921;
0.7188635468482971,0.7281737327575684;
0.7231371402740479,0.7174838781356812;
0.7403223514556885,0.6924179196357727;
0.7480666041374207,0.6906220316886902;
0.7342443466186523,0.6821059584617615;
0.7212628722190857,0.7333611845970154;
0.7347782850265503,0.6983487606048584;
0.7681910395622253,0.6869388818740845;
0.7833148241043091,0.6908556818962097;
0.8016391396522522,0.6934254169464111;
0.7705312967300415,0.6891322731971741;
0.755355715751648,0.6929306387901306;
0.7495433688163757,0.6946938633918762;
0.7485132217407227,0.6677721738815308;
0.7380045652389526,0.7204543352127075;
0.7366868853569031,0.6957107186317444;
0.7358584403991699,0.692714512348175;
0.7360092401504517,0.7117271423339844;
0.7474266886711121,0.7138329744338989;
0.7732000350952148,0.6909908056259155;
0.7737597227096558,0.6904069781303406;
0.7395402193069458,0.7036051154136658;
0.7290200591087341,0.6901320219039917;
0.7189721465110779,0.6914553046226501;
0.7107024192810059,0.685554027557373;
0.7042180895805359,0.7086285352706909;
0.7066292762756348,0.6870075464248657;
0.7037668228149414,0.693321704864502;
0.7010242938995361,0.7053041458129883;
0.7050284743309021,0.6851322650909424;
0.6991105079650879,0.6612405180931091;
0.6816651821136475,0.726309061050415;
0.6855189800262451,0.6886070966720581;
0.6860085725784302,0.7177720069885254;
0.6966501474380493,0.7238048911094666;
0.7266793847084045,0.6961655020713806;
0.7310734987258911,0.6884669065475464;
0.7053398489952087,0.7114052772521973;
0.7006849050521851,0.690698504447937;
0.6931557655334473,0.6646057367324829;
0.6765110492706299,0.7602510452270508;
0.6877719163894653,0.7222278118133545;
0.7187899351119995,0.6939852237701416;
0.719962477684021,0.6941308975219727;
0.6986585855484009,0.679374635219574;
0.6780980825424194,0.7038224935531616;
0.6744271516799927,0.7067592144012451;
0.6703507900238037,0.7019052505493164;
0.6722937226295471,0.6893524527549744;
0.6688815355300903,0.6918033957481384;
0.6672030091285706,0.6864013671875;
0.6561421155929565,0.7048040628433228;
0.6568504571914673,0.7115117907524109;
0.6699019074440002,0.6900928020477295;
0.6579694747924805,0.7070199847221375;
0.6641018390655518,0.6988075971603394;
0.6731231212615967,0.6934163570404053;
0.6702075004577637,0.6995991468429565;
0.6895809769630432,0.6951873302459717;
0.6977519392967224,0.6991525888442993;
0.6889818906784058,0.6871456503868103;
0.678962230682373,0.6883268356323242;
0.6719146370887756,0.6826709508895874;
0.6601711511611938,0.6826765537261963;
0.645539402961731,0.6768791675567627;
0.6281006336212158,0.7116222381591797;
0.6281677484512329,0.7010657787322998;
0.6463748812675476,0.691453218460083;
0.6508398056030273,0.6927063465118408;
0.6548627018928528,0.6912492513656616;
0.6535378098487854,0.6908121705055237;
0.666179895401001,0.6916886568069458;
0.6617408394813538,0.6906907558441162;
0.6606162786483765,0.7051844596862793;
0.6614373922348022,0.6957155466079712;
0.6738696098327637,0.6980750560760498;
0.7137197256088257,0.7047761678695679;
0.6984632015228271,0.6954946517944336;
0.6964844465255737,0.6914901733398438;
0.6984220743179321,0.6963808536529541;
0.6956773400306702,0.6876884698867798;
0.7166159152984619,0.6920750141143799;
0.7194742560386658,0.7078163027763367;
0.7014783620834351,0.6919089555740356;
0.698260486125946,0.6925321221351624;
0.6959548592567444,0.6867972016334534;
0.7289724349975586,0.7386630773544312;
0.7044722437858582,0.6791598796844482;
0.7109668850898743,0.7034615278244019;
0.7048742771148682,0.6951128840446472;
0.6989028453826904,0.6858741641044617;
0.7027012705802917,0.6960483193397522;
0.7013696432113647,0.7058517932891846;
0.6908015012741089,0.6895753145217896;
0.6889429092407227,0.6909055709838867;
0.6877788305282593,0.6941348314285278;
0.6847556829452515,0.6845938563346863;
0.6950128078460693,0.6964225769042969;
0.6967772245407104,0.6898248195648193;
0.6950636506080627,0.6859720349311829;
0.6963561773300171,0.6873559951782227;
0.6995991468429565,0.6895854473114014;
0.699161171913147,0.6866129040718079;
0.6989158987998962,0.7026713490486145;
0.6923909187316895,0.6982848048210144;
0.6878361701965332,0.6963171362876892;
0.6865258812904358,0.6970977783203125;
0.6817054748535156,0.695298433303833;
0.675916314125061,0.7025483846664429;
0.6787517070770264,0.6852384805679321;
0.6955337524414062,0.6989881992340088;
0.6976605653762817,0.7127546668052673;
0.6820847392082214,0.699505090713501;
0.6705423593521118,0.6903451681137085;
0.665966272354126,0.7180379629135132;
0.6617377400398254,0.7031694650650024;
0.6648238897323608,0.6900089979171753;
0.6632317304611206,0.6915107369422913;
0.6708739995956421,0.691612720489502;
0.6717604994773865,0.6981120109558105;
0.6650986075401306,0.6957385540008545;
0.6655738949775696,0.696183443069458;
0.6614664793014526,0.6896359324455261;
0.6615878343582153,0.6904090046882629;
0.6547605991363525,0.6975909471511841;
0.6546016931533813,0.7044898271560669;
0.6462912559509277,0.6974400877952576;
0.6396958827972412,0.7028076648712158;
0.639398455619812,0.6907326579093933;
0.6404659748077393,0.6934306621551514;
0.6322037577629089,0.6906041502952576;
0.6284287571907043,0.69267737865448;
0.6199237108230591,0.6952924728393555;
0.6218246221542358,0.6924982070922852;
0.6067246198654175,0.6834904551506042;
0.599088191986084,0.6937679052352905;
0.6236231327056885,0.6888093948364258;
0.6360921859741211,0.6987110376358032;
0.598904013633728,0.7105422019958496;
0.6242817044258118,0.727648138999939;
0.5740017294883728,0.6706617474555969;
0.5448861122131348,0.7576712369918823;
0.5448912978172302,0.7044686079025269;
0.5611362457275391,0.7005124092102051;
0.6391498446464539,0.6640567183494568;
0.7315313816070557,0.7384693622589111;
0.6498240232467651,0.6975118517875671;
0.6037436723709106,0.717771053314209;
0.621893584728241,0.6964778304100037;
0.6119513511657715,0.6919543147087097;
0.6598161458969116,0.7158954739570618;
0.6390036344528198,0.6944504976272583;
0.6348540782928467,0.7046213150024414;
0.6210343241691589,0.6938905715942383;
0.6112359762191772,0.6942384243011475;
0.5941191911697388,0.6949013471603394;
0.5983989238739014,0.6949225068092346;
0.5893668532371521,0.6869544982910156;
0.5653266906738281,0.6854119300842285;
0.5362198352813721,0.7181973457336426;
0.5442394614219666,0.6899954080581665;
0.5907300710678101,0.701766848564148;
0.6149358749389648,0.6910060048103333;
0.5606273412704468,0.6702686548233032;
0.5217730402946472,0.7112811803817749;
0.5145403146743774,0.6927177309989929;
0.49064379930496216,0.735176682472229;
0.5599269866943359,0.7235090136528015;
0.5592019557952881,0.7023316621780396;
0.5018508434295654,0.7343120574951172;
0.5621159076690674,0.6907362937927246;
0.5962543487548828,0.6958584785461426;
0.596104085445404,0.69747394323349;
0.5660172700881958,0.7017905116081238;
0.5616655349731445,0.7103073000907898;
0.6035523414611816,0.6980956792831421;
0.5848262310028076,0.6748291254043579;
0.5880157947540283,0.6936272978782654;
0.5498248338699341,0.7332323789596558;
0.6130375862121582,0.7072467803955078;
0.5483648777008057,0.7250481247901917;
0.6360419392585754,0.6928102374076843;
0.6713751554489136,0.723957896232605;
0.5658779740333557,0.7274160385131836;
0.5598825216293335,0.6996637582778931;
0.5854717493057251,0.6981256604194641;
0.6381261348724365,0.6939400434494019;
0.642206609249115,0.7218424677848816;
0.6004042625427246,0.6887133121490479;
0.5820587873458862,0.7234630584716797;
0.6765816807746887,0.7303042411804199;
0.6008381843566895,0.6795176267623901;
0.5516250133514404,0.7380449771881104;
0.5458278059959412,0.7035071849822998;
0.5667891502380371,0.704389214515686;
0.536182701587677,0.7130183577537537;
0.5844789743423462,0.6984697580337524;
0.6745719313621521,0.6950054168701172;
0.7395887970924377,0.6658917665481567;
0.7317270040512085,0.6856690645217896;
0.7603352665901184,0.711371660232544;
0.7114395499229431,0.7147793769836426;
0.7008600831031799,0.697023868560791;
0.6926506757736206,0.6933515071868896;
0.7326395511627197,0.6974127888679504;
0.7758036851882935,0.664236307144165;
0.8736224174499512,0.7102359533309937;
0.8040352463722229,0.6845051050186157;
0.7843132019042969,0.709986686706543;
0.7844313383102417,0.7032617926597595;
0.7767206430435181,0.7002370953559875;
0.7848467826843262,0.6990162134170532;
0.765204668045044,0.6953912973403931;
0.7488746047019958,0.696671724319458;
0.7456469535827637,0.6810718178749084;
0.7284613847732544,0.6982529163360596;
0.7296091914176941,0.7151339054107666;
0.7755200862884521,0.6886818408966064;
0.7210081219673157,0.6968217492103577;
0.7101622223854065,0.7245758771896362;
0.733665943145752,0.7190895080566406;
0.840936005115509,0.6893280744552612;
0.8794697523117065,0.7046312093734741;
0.7935045957565308,0.7047632932662964;
0.7884864211082458,0.7181098461151123;
0.8110942840576172,0.7012048959732056;
0.8555132150650024,0.6814097166061401;
0.8429068326950073,0.681140661239624;
0.7736729383468628,0.710922360420227;
0.7547248601913452,0.7405508756637573;
0.7578139305114746,0.715033769607544;
0.7729800939559937,0.6982263922691345;
0.7794928550720215,0.6955066919326782;
0.7830347418785095,0.6936120986938477;
0.7730292677879333,0.6944445371627808;
0.7308871150016785,0.721418559551239;
0.7211267352104187,0.7322798371315002;
0.7373101711273193,0.7042631506919861;
0.7464865446090698,0.6895248889923096;
0.7046870589256287,0.6769924163818359;
0.6603908538818359,0.6872096061706543;
0.6399946212768555,0.7914390563964844;
0.6756322979927063,0.6957217454910278;
0.6958822011947632,0.7129865884780884;
0.7259440422058105,0.6845877170562744;
0.6937682032585144,0.7041186690330505;
0.684843897819519,0.727989673614502;
0.7023659944534302,0.6810029745101929;
0.6930373907089233,0.6987277269363403;
0.6917264461517334,0.6963806748390198;
0.6922564506530762,0.7524426579475403;
0.7362866997718811,0.6877520680427551;
0.7184736132621765,0.694791316986084;
0.7073125839233398,0.7095540165901184;
0.7107502222061157,0.7001143097877502;
0.7127624750137329,0.7125617861747742;
0.7285457849502563,0.682054877281189;
0.686858594417572,0.7429081201553345;
0.687265157699585,0.6843695640563965;
0.6800862550735474,0.694642961025238;
0.6750076413154602,0.6912897229194641;
0.6690247058868408,0.6786007285118103;
0.6541723012924194,0.6859689950942993;
0.643008828163147,0.7358119487762451;
0.6627529859542847,0.7016298770904541;
0.6962626576423645,0.695044755935669;
0.6852419972419739,0.691597580909729;
0.6738917231559753,0.6843096613883972;
0.665279746055603,0.7098788619041443;
0.6681718826293945,0.6903488039970398;
0.6669615507125854,0.6960338354110718;
0.6730611324310303,0.6933894157409668;
0.6739638447761536,0.6960617303848267;
0.6636419296264648,0.7010248303413391;
0.6774151921272278,0.6951761245727539;
0.6626994013786316,0.701765239238739;
0.6795501112937927,0.6846109628677368;
0.7162339091300964,0.6884370446205139;
0.7248473167419434,0.6935046911239624;
0.7090017795562744,0.6928694248199463;
0.7044802904129028,0.6979520320892334;
0.6934531927108765,0.6931960582733154;
0.6795897483825684,0.6916543841362;
0.6683738827705383,0.6941183805465698;
0.6600077152252197,0.6931279897689819;
0.6584035754203796,0.6893354654312134;
0.6550519466400146,0.6916523575782776;
0.6374196410179138,0.6757110357284546;
0.6162758469581604,0.7144160270690918;
0.6071720123291016,0.718004584312439;
0.6479223966598511,0.6905471086502075;
0.6791176795959473,0.6918870210647583;
0.6773592233657837,0.6922946572303772;
0.6741735935211182,0.6942302584648132;
0.6804879903793335,0.6972328424453735;
0.6717371344566345,0.6952511072158813;
0.6798205375671387,0.6870490908622742;
0.6851171851158142,0.6864653825759888;
0.7107630372047424,0.7004354000091553;
0.6956629753112793,0.7005216479301453;
0.6748257875442505,0.6971472501754761;
0.671749472618103,0.7015323042869568;
0.6815091371536255,0.7134706377983093;
0.6603559255599976,0.6979817748069763;
0.6671010255813599,0.6957252621650696;
0.6564438343048096,0.6930930614471436;
0.6499051451683044,0.6943360567092896;
0.6294776201248169,0.685029149055481;
0.6096760034561157,0.707470178604126;
0.609433650970459,0.6967751383781433;
0.6255048513412476,0.7014085054397583;
0.5872533917427063,0.7099800109863281;
0.597797691822052,0.6835103034973145;
0.5737313628196716,0.6618303656578064;
0.5368635058403015,0.7572934627532959;
0.5662082433700562,0.6971465349197388;
0.5943571329116821,0.6975237131118774;
0.6729445457458496,0.7281818985939026;
0.5910266637802124,0.7138588428497314;
0.6124171018600464,0.6875972747802734;
0.5938659906387329,0.6863605380058289;
0.55256587266922,0.7117115259170532;
0.5620555877685547,0.7047698497772217;
0.6117460131645203,0.6868512630462646;
0.6430767774581909,0.6925384998321533;
0.6671662330627441,0.7049848437309265;
0.6496562957763672,0.6946676969528198;
0.6158599257469177,0.6715970039367676;
0.571307897567749,0.6642487645149231;
0.5163402557373047,0.7006731629371643;
0.5025951862335205,0.7238808870315552;
0.6645995378494263,0.7365906238555908;
0.6175941228866577,0.7082312107086182;
0.703054666519165,0.7052962779998779;
0.6614769697189331,0.6900233030319214;
0.6854285597801208,0.6839982271194458;
0.7187193632125854,0.6960790157318115;
0.7242401838302612,0.7121067643165588;
0.6717644929885864,0.6829521656036377;
0.6387267708778381,0.6886372566223145;
0.6185337901115417,0.7063035368919373;
0.5901187658309937,0.671517550945282;
0.5543110370635986,0.7123571038246155;
0.5390743017196655,0.688947319984436;
0.5184363126754761,0.6834772825241089;
0.4983818531036377,0.715373694896698;
0.5247026681900024,0.686318039894104;
0.545937180519104,0.7113859057426453;
0.6101490259170532,0.7040913701057434;
0.6193523406982422,0.6897172331809998;
0.6715174913406372,0.6966943740844727;
0.645495593547821,0.6912133693695068;
0.636599600315094,0.6869267225265503;
0.6157249808311462,0.6891310214996338;
0.6048591136932373,0.6979199647903442;
0.5808626413345337,0.7144731283187866;
0.6377210021018982,0.6784577965736389;
0.6953307390213013,0.7310677170753479;
0.6026161313056946,0.7168518900871277;
0.5893827676773071,0.6972250938415527;
0.5815582275390625,0.7009604573249817;
0.624180018901825,0.704318106174469;
0.6074809432029724,0.695988118648529;
0.6148086786270142,0.7021988034248352;
0.6111469864845276,0.6960649490356445;
0.6406368017196655,0.7055813074111938;
0.6324812769889832,0.6974667906761169;
0.7087421417236328,0.6958215832710266;
0.6963142156600952,0.6910822987556458;
0.6945167779922485,0.7003567218780518;
0.6802769899368286,0.691117525100708;
0.6656935214996338,0.7025244235992432;
0.6384214162826538,0.691556453704834;
0.686754584312439,0.6974090337753296;
0.6555277109146118,0.714665412902832;
0.6221300363540649,0.6817951202392578;
0.593538761138916,0.7077164649963379;
0.580962061882019,0.6952630281448364;
0.6039114594459534,0.6864758133888245;
0.6436283588409424,0.6836942434310913;
0.6824384331703186,0.6893101930618286;
0.6602048873901367,0.6939513087272644;
0.6528494358062744,0.7043559551239014;
0.6588331460952759,0.6871336698532104;
0.6960257291793823,0.7146803140640259;
0.6689213514328003,0.6887447834014893;
0.6460680961608887,0.7356382608413696;
0.7281580567359924,0.6799874901771545;
0.8368467092514038,0.7565825581550598;
0.708039402961731,0.6872376799583435;
0.7007873058319092,0.7487019300460815;
0.7138910293579102,0.6901869773864746;
0.7370636463165283,0.7029391527175903;
0.7110214829444885,0.6958210468292236;
0.7041119933128357,0.7110435962677002;
0.760208249092102,0.6954388618469238;
0.7654221057891846,0.6884336471557617;
0.7479311227798462,0.695007860660553;
0.7255712747573853,0.714816153049469;
0.7457444667816162,0.6901692152023315;
0.7646962404251099,0.6838083267211914;
0.7729611396789551,0.6916249990463257;
0.7462358474731445,0.6997314691543579;
0.7568529844284058,0.6932300329208374;
0.7971871495246887,0.6985019445419312;
0.8036572337150574,0.6900535821914673;
0.8127171397209167,0.6941410303115845;
0.825961709022522,0.6876823902130127;
0.8388272523880005,0.6946305632591248;
0.8908129930496216,0.6914653778076172;
0.8686575889587402,0.6987307071685791;
0.8448378443717957,0.7046334743499756;
0.8386998176574707,0.6717710494995117;
0.8082215785980225,0.7606220245361328;
0.8219376802444458,0.7038699388504028;
0.8347668647766113,0.698264479637146;
0.833686888217926,0.6916072368621826;
0.8056655526161194,0.7284740209579468;
0.8098846673965454,0.6697641611099243;
0.7720718383789062,0.7751307487487793;
0.787676990032196,0.7010772824287415;
0.7856724262237549,0.6833979487419128;
0.7539645433425903,0.7445677518844604;
0.7561337351799011,0.7487607598304749;
0.7916674613952637,0.7113410830497742;
0.807544469833374,0.6906278133392334;
0.7550638914108276,0.7192292809486389;
0.7288142442703247,0.6992101669311523;
0.7099645137786865,0.79091477394104;
0.7399270534515381,0.674715518951416;
0.721653163433075,0.6947999000549316;
0.7028324604034424,0.7931435704231262;
0.7303188443183899,0.7164409160614014;
0.7450875043869019,0.7044952511787415;
0.7392064332962036,0.7422099113464355;
0.7608801126480103,0.6937119960784912;
0.7383624315261841,0.7211868166923523;
0.7279748320579529,0.7325351238250732;
0.7339495420455933,0.712151288986206;
0.732599139213562,0.7054688930511475;
0.7197431325912476,0.7152743935585022;
0.7117009162902832,0.7035704851150513;
0.6979373693466187,0.691001296043396;
0.6773166656494141,0.7338621616363525;
0.6791850328445435,0.7120978832244873;
0.68192458152771,0.7264445424079895;
0.7006031274795532,0.6917835474014282;
0.6886220574378967,0.6914246082305908;
0.67153000831604,0.6592285633087158;
0.6503181457519531,0.7593539357185364;
0.6569772362709045,0.6904313564300537;
0.6594451665878296,0.6800377368927002;
0.6515048742294312,0.7102409601211548;
0.6550372838973999,0.7126305103302002;
0.6729918122291565,0.6952087879180908;
0.68927001953125,0.6970267295837402;
0.6774795055389404,0.7071583271026611;
0.6936773657798767,0.6923582553863525;
0.6897501945495605,0.6920675039291382;
0.68290114402771,0.6910046339035034;
0.681613564491272,0.691607654094696;
0.68024080991745,0.6915980577468872;
0.6781520843505859,0.6943111419677734;
0.6762120723724365,0.6885426044464111;
0.6702777147293091,0.7007803916931152;
0.6719454526901245,0.6965416073799133;
0.6835455894470215,0.6918871998786926;
0.6919368505477905,0.7120133638381958;
0.6734035015106201,0.690224826335907;
0.6709929704666138,0.70494544506073;
0.6678153276443481,0.6903674602508545;
0.6675398349761963,0.6882486343383789;
0.6581531763076782,0.6853727102279663;
0.647645115852356,0.6960279941558838;
0.6409980058670044,0.7042969465255737;
0.6467554569244385,0.693751871585846;
0.6725026369094849,0.6997451782226562;
0.6541202664375305,0.7084448337554932;
0.6688125133514404,0.6944024562835693;
0.679404079914093,0.6783061027526855;
0.7137342691421509,0.7437343001365662;
0.6864713430404663,0.695641815662384;
0.6889159083366394,0.693303108215332;
0.6836179494857788,0.691204309463501;
0.67082679271698,0.6781708002090454;
0.6556562185287476,0.6956219673156738;
0.6435109376907349,0.702568531036377;
0.6557207107543945,0.695667028427124;
0.6591428518295288,0.6978912353515625;
0.6475270390510559,0.6901871562004089;
0.6385939121246338,0.6869747638702393;
0.6276192665100098,0.701160728931427;
0.6296926736831665,0.6971011161804199;
0.6419286131858826,0.6912628412246704;
0.6502431035041809,0.6868089437484741;
0.7061645984649658,0.7021766901016235;
0.6960231065750122,0.6961150765419006;
0.6828809380531311,0.6945184469223022;
0.6848117113113403,0.6860249638557434;
0.6885615587234497,0.6888316869735718;
0.7024650573730469,0.6989338994026184;
0.6966687440872192,0.6745370030403137;
0.7194539308547974,0.7030659914016724;
0.706417441368103,0.7058295607566833;
0.6840798258781433,0.6914021372795105;
0.6783063411712646,0.6981086730957031;
0.6675718426704407,0.7112532258033752;
0.6816439032554626,0.7158570885658264;
0.6716861724853516,0.6901373863220215;
0.6882733702659607,0.6994996070861816;
0.6893554925918579,0.689042329788208;
0.6905820965766907,0.6899817585945129;
0.6839370727539062,0.6956453323364258;
0.6896039247512817,0.6967645287513733;
0.6871503591537476,0.7012230753898621;
0.6817489862442017,0.6904921531677246;
0.6949611902236938,0.7019249796867371;
0.687369704246521,0.6844445466995239;
0.7020139694213867,0.6780836582183838;
0.7211485505104065,0.713290274143219;
0.7047414779663086,0.684168815612793;
0.7051905393600464,0.6980817914009094;
0.6953263878822327,0.6918134093284607;
0.6818804740905762,0.6927670836448669;
0.6724145412445068,0.7054478526115417;
0.6713504791259766,0.6956082582473755;
0.6732792258262634,0.6898632049560547;
0.6804496645927429,0.6845316886901855;
0.6832500696182251,0.690847635269165;
0.6893951892852783,0.6772645711898804;
0.7070348262786865,0.7043860554695129;
0.7003227472305298,0.6890218257904053;
0.6961408853530884,0.6929253339767456;
0.691439151763916,0.6888910531997681;
0.6934491395950317,0.6911633014678955;
0.6995694637298584,0.6990165710449219;
0.6942137479782104,0.6979900598526001;
0.6923984289169312,0.6968348622322083;
0.6912431716918945,0.6927752494812012;
0.6990573406219482,0.6961425542831421;
0.69938063621521,0.6908020973205566;
0.7009257078170776,0.6855764389038086;
0.7057685852050781,0.6870412230491638;
0.7124918699264526,0.6834239959716797;
0.7181056141853333,0.7072194218635559;
0.7058020830154419,0.698047399520874;
0.6982318162918091,0.6994808316230774;
0.6981410980224609,0.6983790397644043;
0.6974321007728577,0.6926007866859436;
0.6993539333343506,0.6968942880630493;
0.6986263394355774,0.6864240765571594;
0.7017653584480286,0.6858875751495361;
0.7108893394470215,0.6740996837615967;
0.7274830341339111,0.7081108689308167;
0.7176207304000854,0.6997236013412476;
0.7068856954574585,0.6938564777374268;
0.7011357545852661,0.6874649524688721;
0.6971542835235596,0.7191834449768066;
0.6966544985771179,0.6922767162322998;
0.6961249113082886,0.69475257396698;
0.6951444745063782,0.6952160000801086;
0.6915271282196045,0.6938515901565552;
0.690034806728363,0.6908863186836243;
0.6860492825508118,0.6969794034957886;
0.6843336820602417,0.6985106468200684;
0.6853435039520264,0.6940923929214478;
0.6825258135795593,0.6934053897857666;
0.6830532550811768,0.6940906643867493;
0.6830011010169983,0.6925665736198425;
0.6843711733818054,0.6927052736282349;
0.6813576817512512,0.6931638121604919;
0.6774519681930542,0.6985601186752319;
0.679513692855835,0.6906007528305054;
0.6803096532821655,0.6947656869888306;
0.683053731918335,0.6931309103965759;
0.6855816841125488,0.6852946281433105;
0.6952852010726929,0.6931756138801575;
0.6950465440750122,0.707639753818512;
0.6853600740432739,0.6951890587806702;
0.6845873594284058,0.6938619613647461;
0.683364987373352,0.6943079233169556;
0.6864359378814697,0.6898689866065979;
0.6937872171401978,0.6938908100128174;
0.6911435127258301,0.6927372813224792;
0.687532901763916,0.6909567713737488;
0.6827634572982788,0.6925815343856812;
0.6813311576843262,0.6952579021453857;
0.6770785450935364,0.6785644888877869;
0.6715490818023682,0.7070155143737793;
0.6699930429458618,0.693263590335846;
0.6675897240638733,0.6970856189727783;
0.6697432994842529,0.6934351921081543;
0.6716310977935791,0.6928392648696899;
0.6767923831939697,0.697044849395752;
0.6794875264167786,0.6955519914627075;
0.6949533224105835,0.6991537809371948;
0.6955237984657288,0.6947489976882935;
0.6963302493095398,0.6889901757240295;
0.7031129598617554,0.7024441957473755;
0.695383608341217,0.6910064220428467;
0.711479663848877,0.689663827419281;
0.7206193208694458,0.6852720975875854;
0.7264901399612427,0.6911603212356567;
0.7262622117996216,0.6936684250831604;
0.7220826745033264,0.6906263828277588;
0.7207437753677368,0.6894203424453735;
0.7274810075759888,0.6925668716430664;
0.727218508720398,0.6985259056091309;
0.7179725170135498,0.6923481822013855;
0.7132874727249146,0.6912810206413269;
0.7106612920761108,0.6939691305160522;
0.708185076713562,0.6980667114257812;
0.7076362371444702,0.6926778554916382;
0.7079015970230103,0.6945633888244629;
0.7138069868087769,0.6923534274101257;
0.714893102645874,0.6979323625564575;
0.7102519273757935,0.6918795704841614;
0.71274733543396,0.6873257756233215;
0.7220494747161865,0.6948026418685913;
0.7205880880355835,0.6926478147506714;
0.7184572219848633,0.6913505792617798;
0.7142271995544434,0.6925596594810486;
0.7115958333015442,0.6928108930587769;
0.7041987180709839,0.6894116401672363;
0.6986938714981079,0.6830544471740723;
0.6941678524017334,0.7143586874008179;
0.6928731203079224,0.6930022239685059;
0.6920624375343323,0.6877455711364746;
0.6891541481018066,0.6849347949028015;
0.6848109364509583,0.7055802345275879;
0.6848478317260742,0.7125822305679321;
0.6944277882575989,0.6937388181686401;
0.6940141320228577,0.6937804222106934;
0.6906499862670898,0.6882895231246948;
0.6857998371124268,0.698098361492157;
0.6843208074569702,0.7037537693977356;
0.6875763535499573,0.694503128528595;
0.6912389397621155,0.6932410001754761;
0.6925294399261475,0.6908512115478516;
0.6876845359802246,0.6977472305297852;
0.6873784065246582,0.6915832757949829;
0.6861361265182495,0.6886142492294312;
0.6839547157287598,0.7020364999771118;
0.685961127281189,0.6874082088470459;
0.6842644810676575,0.68949294090271;
0.6820296049118042,0.688412070274353;
0.6801189184188843,0.689237117767334;
0.6780662536621094,0.6967586278915405;
0.678717851638794,0.7094599008560181;
0.6884236335754395,0.6875125169754028;
0.6830505132675171,0.7018532752990723;
0.6865761280059814,0.6939769387245178;
0.6891040802001953,0.6965004801750183;
0.6945698261260986,0.6912169456481934;
0.6903586387634277,0.6960819959640503;
0.6891434192657471,0.6909676790237427;
0.6868618726730347,0.7028325796127319;
0.6908881068229675,0.6910553574562073;
0.6911144852638245,0.69501131772995;
0.6968294382095337,0.6926801204681396;
0.7121613025665283,0.6927651166915894;
0.7091963291168213,0.6906037330627441;
0.7169795036315918,0.6926137804985046;
0.71335768699646,0.6912446022033691;
0.7102976441383362,0.692925214767456;
0.7039734125137329,0.6917663812637329;
0.6998452544212341,0.7045654654502869;
0.6978233456611633,0.6945796012878418;
0.7002915740013123,0.6897469758987427;
0.7010749578475952,0.6968628168106079;
0.6933167576789856,0.6932199597358704;
0.6908568143844604,0.689600944519043;
0.6862179040908813,0.7055435180664062;
0.6868876218795776,0.6942073106765747;
0.6847071051597595,0.6955354809761047;
0.6836596727371216,0.692836582660675;
0.6838021874427795,0.6928855180740356;
0.6811454892158508,0.6928104162216187;
0.6769565343856812,0.6934767365455627;
0.6757169961929321,0.6981344223022461;
0.6818641424179077,0.695426344871521;
0.6769288778305054,0.6937270760536194;
0.6723130345344543,0.686051607131958;
0.6652809381484985,0.7112971544265747;
0.6691039800643921,0.6945284605026245;
0.679817795753479,0.7013888359069824;
0.6676192283630371,0.701597273349762;
0.6618741154670715,0.6942046880722046;
0.6593790650367737,0.7030598521232605;
0.6727428436279297,0.6884615421295166;
0.68572998046875,0.7084536552429199;
0.6695277094841003,0.6894994974136353;
0.677169680595398,0.6917945146560669;
0.6763047575950623,0.6866167783737183;
0.6820954084396362,0.6986663937568665;
0.6767469644546509,0.70838862657547;
0.662021815776825,0.6823098659515381;
0.6490178108215332,0.6812959909439087;
0.631378173828125,0.7268871068954468;
0.6419186592102051,0.6975471377372742;
0.6515830755233765,0.6983981132507324;
0.6505843997001648,0.6849034428596497;
0.6379883885383606,0.6746704578399658;
0.6127737760543823,0.7240797281265259;
0.6091165542602539,0.6909534931182861;
0.6028648018836975,0.6889415979385376;
0.5953810214996338,0.6889436841011047;
0.5986137390136719,0.699068546295166;
0.6309332847595215,0.6874432563781738;
0.6815303564071655,0.6892026662826538;
0.7036659717559814,0.7051860690116882;
0.7023366689682007,0.6997556686401367;
0.6802231073379517,0.6856735348701477;
0.6523231267929077,0.7267112731933594;
0.620751678943634,0.6997369527816772;
0.6316729784011841,0.6805613040924072;
0.707813024520874,0.6991021037101746;
0.7001878023147583,0.6857454776763916;
0.6840327978134155,0.6956823468208313;
0.705091118812561,0.6884735822677612;
0.7300763130187988,0.6911196708679199;
0.743483304977417,0.689720630645752;
0.7420852184295654,0.6800919771194458;
0.7651552557945251,0.6873026490211487;
0.7702988386154175,0.6873316764831543;
0.7634391188621521,0.7146992683410645;
0.7323029637336731,0.6946936249732971;
0.7237746119499207,0.6901474595069885;
0.7304815053939819,0.6918736100196838;
0.7287428379058838,0.7007927894592285;
0.7183147668838501,0.6904432773590088;
0.7128939628601074,0.7001506686210632;
0.7039958238601685,0.6952694654464722;
0.6971291899681091,0.6973897814750671;
0.6961291432380676,0.6895892024040222;
0.6964300870895386,0.6940339803695679;
0.6920619010925293,0.6920378804206848;
0.6869063377380371,0.6928608417510986;
0.6831017732620239,0.6947683095932007;
0.6722323298454285,0.6974507570266724;
0.6680488586425781,0.6896562576293945;
0.6617767810821533,0.6922188997268677;
0.6555390357971191,0.6926509737968445;
0.6494234204292297,0.6987444162368774;
0.6501242518424988,0.699970543384552;
0.6735929250717163,0.685100793838501;
0.693223774433136,0.7022974491119385;
0.6823856830596924,0.686176061630249;
0.6815103888511658,0.684506356716156;
0.696331262588501,0.7131945490837097;
0.6794697046279907,0.693428099155426;
0.6729278564453125,0.6835546493530273;
0.6632516384124756,0.6970938444137573;
0.6564985513687134,0.6861984133720398;
0.6489364504814148,0.702843964099884;
0.6504242420196533,0.6980527639389038;
0.6615638732910156,0.6921483278274536;
0.6736938953399658,0.7082931399345398;
0.6510704755783081,0.6990659236907959;
0.6503524780273438,0.6913810968399048;
0.6502749919891357,0.6959896683692932;
0.6488928198814392,0.6960365772247314;
0.6627774238586426,0.6888501644134521;
0.684119462966919,0.7141796350479126;
0.6538995504379272,0.691119909286499;
0.6447466611862183,0.7059051990509033;
0.6510432958602905,0.6918267607688904;
0.6485158801078796,0.6942905187606812;
0.648025631904602,0.6883392333984375;
0.6483184099197388,0.7002213001251221;
0.6781172156333923,0.6973286867141724;
0.684902012348175,0.678263783454895;
0.7461046576499939,0.6877989768981934;
0.7602497935295105,0.6998627185821533;
0.7357208728790283,0.6913946866989136;
0.7387813329696655,0.6985950469970703;
0.7215560674667358,0.6851247549057007;
0.705364465713501,0.6810026168823242;
0.6917508840560913,0.7030576467514038;
0.6833269596099854,0.6879628896713257;
0.6754067540168762,0.7068845629692078;
0.6835562586784363,0.6925056576728821;
0.6856656074523926,0.6913481950759888;
0.6878501176834106,0.6881588697433472;
0.7070992588996887,0.6892462968826294;
0.7160096168518066,0.6912533044815063;
0.7181756496429443,0.6902384757995605;
0.7255719900131226,0.7029536962509155;
0.7076061964035034,0.6920215487480164;
0.7011107802391052,0.6876465082168579;
0.6951987147331238,0.6828712821006775;
0.6890028715133667,0.7080564498901367;
0.689318060874939,0.6895166039466858;
0.6865365505218506,0.6917221546173096;
0.680122971534729,0.6921146512031555;
0.6765868663787842,0.6954914927482605;
0.6771190762519836,0.696138858795166;
0.6799075603485107,0.6929246783256531;
0.6813939809799194,0.6922792196273804;
0.6831976771354675,0.6919222474098206;
0.6861344575881958,0.6903483867645264;
0.6971622109413147,0.6874425411224365;
0.705077052116394,0.6959133744239807;
0.6996048092842102,0.6953436136245728;
0.6962246894836426,0.6908478736877441;
0.6852273941040039,0.6900218725204468;
0.6800161600112915,0.6788557767868042;
0.6736592054367065,0.6982606649398804;
0.6693859100341797,0.7041590213775635;
0.6769977807998657,0.6922187805175781;
0.6699936389923096,0.6945744752883911;
0.6664729118347168,0.7064999341964722;
0.6796348094940186,0.6899476051330566;
0.6903074979782104,0.6986247301101685;
0.6828873157501221,0.6896435022354126;
0.6905524730682373,0.6931861639022827;
0.6907016038894653,0.6953373551368713;
0.6849983930587769,0.6928899884223938;
0.6805627346038818,0.688994288444519;
0.6808584928512573,0.6964740753173828;
0.6865127086639404,0.6929347515106201;
0.6937434077262878,0.6974411606788635;
0.6904658675193787,0.6861324906349182;
0.681545078754425,0.6919025182723999;
0.6756309270858765,0.7042355537414551;
0.6823690533638,0.6957768797874451;
0.6862236261367798,0.6958918571472168;
0.6819252371788025,0.6883714199066162;
0.6853333711624146,0.6944175362586975;
0.6808844208717346,0.6957457661628723;
0.6790677905082703,0.6942905783653259;
0.6907550096511841,0.6912155151367188;
0.699404776096344,0.7122741937637329;
0.6879448890686035,0.704301118850708;
0.6949104070663452,0.6905441284179688;
0.706178605556488,0.70355623960495;
0.689254641532898,0.6985151171684265;
0.6852457523345947,0.6987714767456055;
0.6865559220314026,0.6956547498703003;
0.6903774738311768,0.6937975883483887;
0.702462911605835,0.6867814064025879;
0.7243831157684326,0.6863479614257812;
0.7359908223152161,0.6809943914413452;
0.7427339553833008,0.6974219679832458;
0.7310436964035034,0.6931090950965881;
0.7205743193626404,0.6942485570907593;
0.7183964252471924,0.6865284442901611;
0.7150418758392334,0.6948721408843994;
0.7150876522064209,0.695356011390686;
0.7112928628921509,0.6989313960075378;
0.7103696465492249,0.6944323778152466;
0.706895649433136,0.6904536485671997;
0.7034701108932495,0.7030547261238098;
0.7056381106376648,0.6944056749343872;
0.7088301181793213,0.6931945085525513;
0.7075852155685425,0.6940062046051025;
0.7040334939956665,0.6892614364624023;
0.7000679969787598,0.7022186517715454;
0.6997408866882324,0.6977012753486633;
0.7018334269523621,0.6931612491607666;
0.701454222202301,0.6925269365310669;
0.6999682784080505,0.6960400342941284;
0.70415198802948,0.6938965320587158;
0.7038780450820923,0.6926152110099792;
0.7073857188224792,0.698512852191925;
0.6993099451065063,0.6956297159194946;
0.6978298425674438,0.6972386837005615;
0.6975769996643066,0.6948013305664062;
0.697780966758728,0.6970643997192383;
0.7000842094421387,0.6943296194076538;
0.7050174474716187,0.6892777681350708;
0.7145394086837769,0.7059308290481567;
0.7049509286880493,0.6930177211761475;
0.7012617588043213,0.6909228563308716;
0.6987122297286987,0.7045789957046509;
0.6990973353385925,0.6980670094490051;
0.7029219269752502,0.6910129189491272;
0.7068904638290405,0.6977547407150269;
0.7030555009841919,0.6940333247184753;
0.6995366811752319,0.6994701027870178;
0.7007197141647339,0.694507360458374;
0.7027223110198975,0.6922402381896973;
0.7037836909294128,0.6923632621765137;
0.7028689980506897,0.6931049227714539;
0.7011222243309021,0.6936774849891663;
0.6997848749160767,0.689716100692749;
0.6965382099151611,0.6945483088493347;
0.695014238357544,0.6955087780952454;
0.694343626499176,0.6904140114784241;
0.6926409006118774,0.6849849820137024;
0.6899511218070984,0.6979309320449829;
0.6885375380516052,0.681316077709198;
0.6861304640769958,0.6897897124290466;
0.6839251518249512,0.702084481716156;
0.6830347776412964,0.6958715915679932;
0.6831620335578918,0.6869024038314819;
0.6808243989944458,0.6973773241043091;
0.6802217960357666,0.6986337900161743;
0.6821897029876709,0.6875739693641663;
0.6794309616088867,0.6967445611953735;
0.680156946182251,0.6870174407958984;
0.6776798963546753,0.6976273059844971;
0.6780614852905273,0.6991599202156067;
0.6823376417160034,0.6870608329772949;
0.6793806552886963,0.6997762322425842;
0.6828803420066833,0.6991246938705444;
0.6937402486801147,0.6956978440284729;
0.686478853225708,0.6868772506713867;
0.6814091205596924,0.6730838418006897;
0.6793850660324097,0.6504114866256714;
0.6746127605438232,0.6882786154747009;
0.6614853143692017,0.7168188095092773;
0.6607679724693298,0.6992771029472351;
0.6758724451065063,0.6933956146240234;
0.701156735420227,0.7005435228347778;
0.6891752481460571,0.6979058980941772;
0.686305046081543,0.699911892414093;
0.6948484182357788,0.6927731037139893;
0.6898611783981323,0.6937601566314697;
0.6892715692520142,0.704750657081604;
0.6964498162269592,0.6918909549713135;
0.7129744291305542,0.6959048509597778;
0.7129228115081787,0.6890134811401367;
0.7143643498420715,0.6943005323410034;
0.7105790376663208,0.6944462060928345;
0.7139861583709717,0.6933879852294922;
0.7127883434295654,0.6928259134292603;
0.7153763771057129,0.6937587261199951;
0.7114707231521606,0.6935842037200928;
0.7104756832122803,0.694177508354187;
0.7086038589477539,0.6961691379547119;
0.7042907476425171,0.6939457654953003;
0.7020076513290405,0.6887820959091187;
0.6989806890487671,0.6927316188812256;
0.6966496706008911,0.6916094422340393;
0.6926321983337402,0.6911647915840149;
0.6888570189476013,0.6928803324699402;
0.6855034828186035,0.7056595087051392;
0.6911684274673462,0.6876192092895508;
0.7066304683685303,0.6874415874481201;
0.7091079354286194,0.7080239057540894;
0.6946737170219421,0.6931490898132324;
0.6944072842597961,0.6968244314193726;
0.696690559387207,0.697046160697937;
0.6980313062667847,0.6880312561988831;
0.7020922303199768,0.696722149848938;
0.7000089883804321,0.6920199394226074;
0.6991807818412781,0.6934107542037964;
0.6978154182434082,0.6925820112228394;
0.695910632610321,0.6920166611671448;
0.6952624917030334,0.6956466436386108;
0.6928671598434448,0.6923655867576599;
0.6912776827812195,0.6928164958953857;
0.6903342604637146,0.691740870475769;
0.6902525424957275,0.6970836520195007;
0.686758279800415,0.6917551755905151;
0.684059739112854,0.7030201554298401;
0.6824523210525513,0.6936450600624084;
0.6845816373825073,0.6861324310302734;
0.6927748918533325,0.6904309391975403;
0.6945628523826599,0.6968692541122437;
0.6893408298492432,0.6929192543029785;
0.6876863837242126,0.691311240196228;
0.6941496133804321,0.6779153347015381;
0.7072961330413818,0.7003763914108276;
0.7030518054962158,0.6993333101272583;
0.6963988542556763,0.6928974390029907;
0.694688081741333,0.6938153505325317;
0.6928215026855469,0.6940273642539978;
0.690731406211853,0.68666672706604;
0.6987053751945496,0.7007052302360535;
0.6977559924125671,0.692700982093811;
0.6942451000213623,0.688392162322998;
0.6930030584335327,0.6886143684387207;
0.6933815479278564,0.6988527774810791;
0.6903536915779114,0.6973553895950317;
0.688447117805481,0.693339467048645;
0.6860179901123047,0.6946139335632324;
0.6835384368896484,0.6922491192817688;
0.6799100637435913,0.6917054653167725;
0.6761652231216431,0.7008101940155029;
0.6778408288955688,0.6914206743240356;
0.6823525428771973,0.6892709732055664;
0.6844426393508911,0.6890917420387268;
0.6853985786437988,0.6968432664871216;
0.6839754581451416,0.7030737400054932;
0.6776144504547119,0.6914411783218384;
0.6731367111206055,0.6916723251342773;
0.6688500642776489,0.7026761770248413;
0.6679261922836304,0.6953162550926208;
0.6763285994529724,0.6983744502067566;
0.6742826700210571,0.7044214010238647;
0.6625462770462036,0.6872850656509399;
0.6562169194221497,0.6884816884994507;
0.6487545371055603,0.7011377215385437;
0.6439779996871948,0.6905641555786133;
0.6414269208908081,0.6992006301879883;
0.6637580394744873,0.7026398181915283;
0.6653081178665161,0.691557765007019;
0.662136435508728,0.7005589604377747;
0.6520623564720154,0.6949199438095093;
0.6429775357246399,0.7008929252624512;
0.649426281452179,0.6993586421012878;
0.6791521310806274,0.7217322587966919;
0.6586816310882568,0.6979835033416748;
0.6462557315826416,0.6909407377243042;
0.636919379234314,0.7118523716926575;
0.654828667640686,0.7054041624069214;
0.633571207523346,0.6928352117538452;
0.6221683621406555,0.6797210574150085;
0.607045590877533,0.690298318862915;
0.5944559574127197,0.704403281211853;
0.5968619585037231,0.694026529788971;
0.6073960661888123,0.6955820322036743;
0.6280112266540527,0.6964916586875916;
0.6468722224235535,0.6976543664932251;
0.622245192527771,0.69756019115448;
0.6322950124740601,0.6933748126029968;
0.628812313079834,0.6942318677902222;
0.6266496777534485,0.6971145272254944;
0.6588383316993713,0.690093994140625;
0.657200276851654,0.6810702085494995;
0.6641930341720581,0.7067409157752991;
0.6584218144416809,0.6854624152183533;
0.6553426384925842,0.6908215284347534;
0.6056193113327026,0.6999261379241943;
0.5758552551269531,0.7190150618553162;
0.5882779359817505,0.7050899267196655;
0.7355197072029114,0.6924708485603333;
0.7404516935348511,0.7068525552749634;
0.6856012344360352,0.6975880861282349;
0.7196348309516907,0.6947752237319946;
0.7087844014167786,0.6992528438568115;
0.7031073570251465,0.6960451602935791;
0.6840248107910156,0.6942300796508789;
0.6900954246520996,0.6958941221237183;
0.696040689945221,0.6791341304779053;
0.7315429449081421,0.6990957260131836;
0.7173333764076233,0.6947759985923767;
0.6949818730354309,0.6885679960250854;
0.6876541376113892,0.6934090852737427;
0.6904070377349854,0.7006536722183228;
0.692920446395874,0.682771623134613;
0.7024861574172974,0.6966805458068848;
0.6957087516784668,0.6960016489028931;
0.6955392360687256,0.6839737892150879;
0.6985024213790894,0.6990382671356201;
0.702690839767456,0.6867305636405945;
0.7318916320800781,0.6979461908340454;
0.7341616153717041,0.698246955871582;
0.7175096273422241,0.6991490721702576;
0.7180829048156738,0.6961742639541626;
0.723735511302948,0.700215220451355;
0.7125672698020935,0.6973810195922852;
0.7138038873672485,0.6942846775054932;
0.7098094820976257,0.6937242746353149;
0.7093968391418457,0.698714554309845;
0.7277500629425049,0.6999812722206116;
0.7187037467956543,0.6880483627319336;
0.6945035457611084,0.717960000038147;
0.6903482675552368,0.7037817239761353;
0.6937702894210815,0.6918661594390869;
0.6988239288330078,0.6961495876312256;
0.7197533845901489,0.700603187084198;
0.7049700617790222,0.6877834796905518;
0.6903645992279053,0.6855642795562744;
0.6828864812850952,0.6989569664001465;
0.6803314685821533,0.6984981298446655;
0.6861339807510376,0.6975021362304688;
0.7002758383750916,0.6937974691390991;
0.7212756872177124,0.7009308934211731;
0.7109211683273315,0.6955327987670898;
0.7181750535964966,0.68868088722229;
0.7002771496772766,0.7231845259666443;
0.7098398208618164,0.7065533995628357;
0.7384196519851685,0.6987484693527222;
0.7336636185646057,0.6909867525100708;
0.742473304271698,0.6918487548828125;
0.7317759990692139,0.6945896744728088;
0.7250252366065979,0.7019559144973755;
0.7290294170379639,0.6935127973556519;
0.7261826992034912,0.69325852394104;
0.7232232093811035,0.7099006175994873;
0.7381350994110107,0.6951137781143188;
0.7419129610061646,0.6896717548370361;
0.7424658536911011,0.6895865201950073;
0.7402461171150208,0.6938319206237793;
0.7329740524291992,0.69615638256073;
0.727643609046936,0.6999819874763489;
0.7274477481842041,0.6954063177108765;
0.7194269895553589,0.6941950917243958;
0.7091294527053833,0.7060419321060181;
0.7070237994194031,0.684363603591919;
0.691849946975708,0.7048090696334839;
